%YAML:1.0
---
cameraMatrixL: !!opencv-matrix
   rows: 3
   cols: 3
   dt: d
   data: [ 1.0930889328827702e+03, 0., 6.7676316642202119e+02, 0.,
       1.1024043043803881e+03, 4.0188907924178972e+02, 0., 0., 1. ]
cameraMatrixR: !!opencv-matrix
   rows: 3
   cols: 3
   dt: d
   data: [ 1.1049097125367398e+03, 0., 5.8598083656051961e+02, 0.,
       1.0962968570457970e+03, 4.5060328521677997e+02, 0., 0., 1. ]
distCoeffL: !!opencv-matrix
   rows: 5
   cols: 1
   dt: d
   data: [ 0., 0., 0., 0., 0. ]
distCoeffR: !!opencv-matrix
   rows: 5
   cols: 1
   dt: d
   data: [ 0., 0., 0., 0., 0. ]
T: !!opencv-matrix
   rows: 3
   cols: 1
   dt: d
   data: [ -2.5973629340951538e+02, 2.0053434989333851e+00,
       1.2958454339470393e+01 ]
R: !!opencv-matrix
   rows: 3
   cols: 3
   dt: d
   data: [ 9.9483318550882649e-01, -3.4307417847058846e-03,
       1.0168298761693818e-01, -1.0644188124667373e-02,
       9.9943673175622083e-01, -3.3924891362862648e-02,
       -1.0172948886160996e-01, 3.3328289224128935e-02,
       9.9427577198733619e-01 ]
