%YAML:1.0
---
TL: !!opencv-matrix
   rows: 3
   cols: 1
   dt: d
   data: [ 1.1908862151935651e+02, 3.3700962637542723e+01,
       4.0776765248574065e+02 ]
RL: !!opencv-matrix
   rows: 3
   cols: 3
   dt: d
   data: [ 6.5081667539336430e-01, -7.5619320803967183e-01,
       -6.7893203964741189e-02, -3.5100481484849490e-02,
       5.0826379670275534e-02, -9.9809049455905774e-01,
       7.5821596249251211e-01, 6.5197073117494886e-01,
       6.5360471812742349e-03 ]
TR: !!opencv-matrix
   rows: 3
   cols: 1
   dt: d
   data: [ -9.9915566847968876e+01, 2.0586248451609968e+01,
       4.0740032263971176e+02 ]
RR: !!opencv-matrix
   rows: 3
   cols: 3
   dt: d
   data: [ 7.2467211137742904e-01, -6.8616613841407736e-01,
       -6.3453616805445229e-02, -6.7730519782992077e-02,
       3.6728777322754737e-02, -9.9702736853423501e-01,
       6.8649867471115122e-01, 7.2685980686848362e-01,
       -1.9859274381100925e-02 ]
T: !!opencv-matrix
   rows: 3
   cols: 1
   dt: d
   data: [ -2.5973629340951538e+02, 2.0053434989333851e+00,
       1.2958454339470393e+01 ]
R: !!opencv-matrix
   rows: 3
   cols: 3
   dt: d
   data: [ 9.9483318550882649e-01, -3.4307417847058846e-03,
       1.0168298761693818e-01, -1.0644188124667373e-02,
       9.9943673175622083e-01, -3.3924891362862648e-02,
       -1.0172948886160996e-01, 3.3328289224128935e-02,
       9.9427577198733619e-01 ]
